1143211771 113
1143310652 227
1143320704 296
1143324891 490
1143463430 491
1143463884 518
1143491427 621
1143509388 942
1143510052 965
1143560792 1042
1143561957 1042
1143562024 1621
1143562810 1654
1143565384 1718
1143565539 2057
1143567911 2057
1143567972 2177
1143568028 2292
1143647541 2335
1143649254 2347
1143649537 2355
1143831258 2489
1143995640 4875
1143996393 4875
1144103949 5213
1144152362 5145
1144167952 5185
1144275983 5211
1144276093 5370
1144792812 5402
1144792842 5412
1144796306 5456
1144850383 5466
1144862890 5504
1145477168 5771
1145650919 5741
1145892290 5746
1145892410 5751
1145892535 5756
1145892602 5761
1145922474 6132
1145997792 6300
1146077937 6432
1146254314 6432
1146254363 6559
1146322918 6612
1146344426 6656
1146412418 6665
1146421236 6701
1146423538 6765
1146511174 6764
1146511323 6765
1146512008 6765
1146513752 6857
1146522445 6938
1146621007 7034
1146656993 7039
1146689016 7108
1146696086 7156
1146746753 7187
1146857742 7251
1146928602 7287
1146936414 7475
1147093113 7480
1147096923 7525
1147097670 7598
1147097709 7598
1147098648 7687
1147099513 7688
1147101499 7698
1147103623 7753
1147108318 7777
1147121727 7877
1147124919 7900
1147126901 7926
1147128675 7955
1147140208 7996
1147178077 8030
1147178822 8056
1147187229 8091
1147373596 8251
1147378269 8264
1147379540 8274
1147383681 8529
1148162953 8680
1148256249 8809
1148314814 9033
1148326960 9227
1148332244 9233
1148339202 10012
1148406106 10069
1148407974 10109
1148418095 10098
1148419692 10101
1148422283 10101
1149076181 10388
1149080152 10402
1149085381 10402
1149094854 10711
1149095286 10711
1149104411 10726
1149104749 10752
1149108332 10848
1149214912 11044
1149270767 11254
1149277192 11488
1149277250 11488
1149343695 11491
1149346108 11493
1149346558 11517
1149346935 11516
1149353089 11604
1149363336 11582
1149514095 11608
1149518830 11640
1149519891 11644
1149528336 11689
1149534652 11924
1149538115 11926
1149557495 12298
1149608119 12537
1149688693 12656
1149696647 12674
1149701716 12674
1149703482 12955
1149703685 12955
1149704832 12954
1149705380 13013
1149706361 13022
1149706493 13022
1149707912 13203
1149708065 13233
1149709283 13812
1149709311 13812
1149712373 14139
1149714013 14301
1149714083 14321
1149714122 14329
1149856976 14425
1149857963 14425
1149858842 14591
1149859463 14644
1149859605 14644
1149864381 14711
1149866212 14810
1149866414 14810
1149952409 14902
1149961226 14933
1149965624 14933
1149965754 14933
1149967760 14744
1149974294 14831
1149974562 14896
1150040413 20703
1150041095 19046
1150043291 21242
1150045123 21242
1150045543 21242
1150060058 21272
1150060213 21214
1150060638 21214
1150124503 21214
1150143709 21363
1150228528 21522
1150409083 22118
1150728394 22235
1150734853 22615
1150749784 22791
1150809019 22813
1150817095 22818
1150899558 22822
1150899800 22822
1150901312 22842
1150915595 22836
1152032948 22844
1152033017 22853
1152033283 22919
1152036155 23077
1152037115 23069
1152037319 23070
1152043537 23096
1152046315 23125
1152128231 23173
1152132709 23173
1154038012 23403
1154038913 23397
1154097727 23228
1154097749 23072
1154097979 23072
1154103815 23070
1154109491 23103
1154112707 23182
1154119809 23307
1154463860 24897
1154476961 24901
1154478512 25010
1154730681 25009
1154733217 25100
1154733409 24078
1154733667 24078
1154734293 24078
1154735019 24136
1154790390 24566
1154791123 24566
1154791896 24567
1154796263 24535
1154797164 24535
1154797587 24535
1154800345 24670
1154800791 24681
1154805857 24847
1154817578 24940
1154818867 25073
1154888233 25270
1154906466 25486
1154970835 25717
1155129431 25717
1155130067 25719
1155131868 25783
1155134716 25845
1155302964 25846
1155303018 25845
1155313807 25152
1155570289 25341
1156190337 27589
1159193129 27585
1159194085 27583
1159196331 27595
1159196434 27610
1159199437 27761
1159199465 27877
1159204744 28003
1159206877 28006
1159209984 28074
1159211138 28622
1159211305 27480
1159230430 27514
1159283697 27672
1159302256 27801
1159318916 27900
1159549129 28025
1159553718 28092
1159569768 28160
1159574455 28177
1159574543 28207
1159818670 28427
1159837154 28514
1159891155 28643
1159897768 28719
1159911520 28735
1160162998 28739
1160163023 28843
1160410493 28923
1160419782 29028
1160419807 29035
1160509308 29040
1160509334 29214
1160518144 29271
1160840953 29412
1160927768 29552
1161025760 29552
1182196711 29683
1182196928 29689
1182217930 29763
1182258717 29765
1182262834 29803
1182262884 29934
1182280196 30041
1182280320 30068
1182446235 30187
1182547708 30347
1182648523 30252
1182700337 30346
1182708503 30423
1182774129 30424
1182782308 30424
1182804196 30402
1182819403 30401
1183038355 30429
1183133005 30436
1183211682 30482
1183388221 30482
1183401687 30483
1183406210 30474
1183406402 30449
1183407101 30440
1183407548 30441
1183408389 30433
1183577202 30580
1183655845 30362
1183671749 30717
1183673424 29607
1183727747 29607
1183991321 29608
1183992028 29622
1184000173 29843
1184279490 29843
1184291729 29930
1184346194 34718
1184598896 34888
1184938023 35483
1185300560 35489
1185462830 35474
1185503723 36217
1185549586 36236
1185719148 36265
1185733888 36256
1185735830 36257
1185750799 36279
1185798761 36285
1185809252 36292
1185823561 36319
1185887638 36330
1185889366 36355
1185896271 36378
1185896454 35527
1185896897 35527
1185900666 35535
1185900763 35546
1185913047 35549
1185982022 35803
1186087898 35804
1186496895 35875
1186497634 35879
1186585932 35878
1187460323 36049
1187467746 36075
1187472918 36079
1187473007 36083
1187473630 36027
1187477448 36029
1187484920 36075
1187487772 30902
1187543429 31041
1187819212 31390
1188484469 31373
1188488517 31370
1188497196 31388
1188513710 31686
1188566786 31779
1188660181 31779
1188669960 31767
1188670072 31888
1188673720 31888
1188674389 31909
1188674573 31909
1188678909 31950
1188700045 31979
1188749802 32191
1188756177 32267
1188771945 32277
1188773933 32329
1188829437 32352
1188840012 32536
1188853783 32590
1188853840 32649
1188857021 32647
1188857660 32697
1188858709 32732
1188912769 32739
1188915189 32764
1188918432 32775
1188918487 32777
1188924251 32777
1188935678 32777
1188935718 32796
1188937974 32796
1188938045 32798
1188944044 32800
1189007809 32800
1189011012 32849
1189012028 32876
1189020943 32881
1189024837 32885
1189025909 32890
1189088131 32890
1189088166 32937
1189088483 33093
1189090080 33099
1189104575 33145
1189105003 33145
1189178786 33195
1189184480 33195
1189184534 33195
1189184776 33195
1189185681 33228
1189186772 33265
1189189056 33297
1189197908 33324
1189260301 33324
1189260330 33324
1189269616 33402
1189279833 33522
1189344799 33537
1189356582 33714
1189419734 33755
1189509722 33766
1189515572 33674
1189518173 33584
1189518269 33584
1189600381 33596
1189619759 33616
1189623087 33650
1189623864 33660
1189625455 33674
1189703757 33842
1189710750 33844
1189862285 33836
1189863264 33871
1189864817 33920
1189868300 33930
1189880332 33949
1189885083 34070
1189891769 33938
1189892813 33938
1189893321 33939
1189894330 33944
1189895687 33946
1189897745 33974
1189942831 33787
1189952763 33989
1189954911 34036
1189958174 34064
1189962592 34095
1189977724 34151
1189993981 34213
1189995462 34244
1190048389 34341
1190055794 34425
1190060793 34490
1190153463 34539
1190204423 34539
1190206021 34554
1190206099 34554
1190207467 34554
1190216743 34557
1190216784 34565
1190216801 34599
1190231601 34714
1190235151 34754
1190235215 34754
1190236759 34781
1190237497 34782
1190242672 34811
1190305881 34940
1190313240 34968
1190407240 35023
1190481354 35106
1190481750 35104
1190484205 35111
1190485744 32933
1190486441 32192
1190499912 32235
1190500366 14369
1190500422 13999
1190501666 14001
1190502905 14003
1190688740 14071
1190760753 14126
1190857295 14176
1190903885 14184
1190927227 14261
1190978795 14322
1190981875 14322
1190983355 14356
1190993900 14372
1191013035 14460
1191027377 14475
1191075755 14484
1191084814 14484
1191175007 14510
1191191229 14561
1191195762 14568
1191203161 14581
1191268818 14581
1191761306 14676
1191847208 14683
1192403851 14691
1192499543 14703
1192668522 14715
1192672079 14716
1192709867 14716
1192715406 15026
1192716100 15025
1192721137 15155
1192808746 15156
1192902258 15147
1192903126 15186
1192905362 15186
1192910994 15189
1192916096 15194
1192971688 15208
1192994647 15230
1193055256 15250
1193486841 15281
1193597286 15321
1193607834 15347
1193622017 15461
1193703274 15471
1193704465 15471
1193706384 15546
1195352209 15682
1195401748 15682
1195420248 15731
1195663174 15733
1196038561 15749
1196258963 15751
1196348441 15752
1196359020 15754
1196359069 15757
1196388116 15757
1196428275 15760
1196567412 15774
1196567855 15815
1196610947 15813
1196611315 15813
1196612232 15813
1196619480 15864
1196627100 15862
1196628764 15862
1196708384 15804
1196708483 15804
1196708666 15804
1196713584 15808
1196715759 15808
1196949933 15808
1196951122 15860
1196955264 15860
1197033345 15868
1197033801 15866
1197034982 15894
1197038172 15952
1197067220 15953
1197136302 15953
1197210248 15968
1197286837 16000
1197291010 16000
1197306365 16004
1197319932 16010
1197323897 16010
1197373227 16021
1197401525 16023
1197407007 16023
1197469753 16025
1197483847 16067
1197501868 16149
1197504890 16149
1197564195 16295
1197564267 16295
1197566084 16339
1197567220 16360
1197571553 16377
1197572020 16390
1197573966 16598
1197650694 16598
1197650743 16608
1197666007 34111
1197843729 34295
1197856302 34316
1197859892 34317
1197863885 34327
1197895053 34330
1197895559 34330
1197896789 34332
1197902623 34332
1197982515 34336
1197982801 34425
1197993384 34447
1198000232 34454
1198001670 34546
1198006493 34620
1198007001 34620
1198007811 34620
1198151557 34621
1198181085 34645
1198186144 34645
1198775717 34647
1198776151 34663
1198865188 34663
1198865520 34660
1198865768 34660
1198939748 34680
1198947798 34683
1198966760 34683
1199121801 34684
1199121883 34690
1199131417 34691
1199132441 34694
1199132535 34697
1199141180 34718
1199144261 34718
1199217259 34722
1199217840 34720
1199373181 34724
1199385142 34779
1199418726 34793
1199450295 34795
1199451430 34795
1199454670 34809
1199455626 34820
1199474781 34802
1199568225 34853
1199568542 34853
1199639639 34929
1199652243 34931
1199655369 34952
1199670069 34952
1199730601 34952
1199761473 34955
1199826151 34955
1199847597 35011
1200146629 35011
1200198985 35011
1200343331 35023
1200509162 35026
1201012253 35025
1201127579 35119
1201179229 35098
1201186701 35113
1201206175 35185
1201226115 35232
1201287829 35265
1201302639 35386
1201380329 35386
1201394194 35399
1201528074 35408
1201531487 35411
1201531981 35415
1201535253 35415
1201551761 35506
1201555421 35508
1201643596 35630
1201799391 35620
1201799897 35621
1201805701 35621
1201869587 35623
1201903975 35648
1201904524 35648
1202050865 35625
1202066200 35666
1202135420 35670
1202144277 35744
1202148784 35744
1202149756 35761
1202159376 35797
1202215376 35813
1202247957 35815
1202275423 35827
1202276364 35852
1202277344 35857
1202497918 35887
1202498313 35887
1202504481 35904
1202504708 35906
1202682843 35918
1202693223 35918
1202693926 35918
1202748443 35916
1202761085 35923
1202761161 35923
1202768495 35923
1202768530 35932
1202768658 35854
1202844236 35864
1202846967 35878
1202857201 35887
1202871494 35887
1202871517 35894
1202873730 35906
1202926986 35923
1202928702 35923
1202963600 35923
1203024822 35932
1203090563 36017
1203107936 36037
1203132188 36283
1203282854 36314
1203288633 36421
1203297202 36497
1203345812 36512
1203346105 36512
1203346582 36514
1203354331 36529
1203370519 36529
1203476544 36530
1203478135 36535
1203548536 36651
1203556635 36728
1203609224 36734
1203626969 36733
1203627165 36736
1203628198 36740
1203690991 36761
1203717351 36768
1203795399 36772
1203950139 36775
1203958365 36996
1203987382 37009
1204032286 37010
1204037295 37010
1204083300 37042
1204149589 37164
1204206713 37197
1204207755 37202
1204294862 37206
1204314269 37291
1204333379 37352
1204386899 37397
1204389279 37402
1204398162 37402
1204407433 37612
1204408930 37655
1204464873 37690
1204484301 37712
1204559279 37745
1204559866 37815
1204578864 38037
1204598603 38225
1204658775 38229
1204672806 38226
1204675205 38342
1204739966 38230
1204740564 38230
1204904944 38230
1204922817 38227
1204928743 38188
1205004756 38218
1205019976 38199
1205118605 38146
1205119298 38140
1205119643 38139
1205120124 38131
1205157924 38133
1205158842 38133
1205201398 38133
1205239808 38135
1205267826 38132
1205276318 38132
1205279481 38148
1205284640 38151
1205333493 38154
1205346524 38160
1205346829 38165
1205349093 38165
1205365195 38165
1205436246 38090
1205436441 38090
1205496623 38093
1205498277 38093
1205592407 38095
1205695319 38099
1205758607 38099
1205761448 38104
1205763662 38130
1206026446 38130
1206037724 38130
1206100786 38130
1206202023 38130
1206293889 38212
1206316757 38209
1206366879 38212
1206369272 38215
1206450704 38260
1206461288 38269
1206477517 38269
1206477634 38269
1206535944 38269
1206555053 38293
1206712404 38303
1206713074 38303
1206794475 38303
1206829732 38307
1206829772 38321
1206884725 38323
1206885076 38322
1206902149 38334
1206904916 38336
1206907190 38337
1206992918 38496
1207046495 38496
1207081530 38665
1207106030 38810
1207140934 38809
1207156443 38809
1207166923 38811
1207171419 38857
1207230913 38862
1207234277 38885
1207237423 38885
1207259265 38850
1207431384 38871
1207434601 38911
1207484515 38912
1207485583 38914
1207487089 38917
1207489785 38919
1207527989 38919
1207578328 38924
1207584186 38848
1207599156 39289
1207611847 39304
1207616309 39315
1207663962 39316
1207666914 39410
1207684329 39434
1207685881 39479
1207743031 39478
1207764493 39478
1207786146 39480
1207925955 39951
1207930398 39959
1208130136 39950
1208130216 39955
1208135854 39976
1208255923 39986
1208284914 40128
1208301260 40139
1208445169 40141
1208526031 40160
1208623953 40185
1208713275 40262
1208720804 40259
1208726329 40290
1208744485 40298
1208797571 40298
1208890390 40298
1208902313 40298
1208902728 40298
1208910199 40298
1208913255 40298
1208920025 40302
1209257332 40304
1209316280 40310
1209343780 40310
1209393210 40312
1209478732 40312
1209500713 40312
1209528170 40326
1209590101 40327
1209648733 40328
1209650484 40332
1209672296 40585
1209761227 40589
1209762818 40622
1209835672 40705
1209843574 40728
1209856054 40728
1209908793 40728
1209917126 40818
1209926221 40818
1210621786 40842
1210790224 40923
1210791761 41005
1210801214 41094
1210808508 41174
1210883528 41174
1210890841 41197
1210946399 41206
1210961619 41206
1210971220 41209
1210971741 41209
1210972229 41222
1211141589 41225
1211159382 41250
1211211066 41263
1211222117 41261
1211240025 41274
1211307616 41274
1211384969 41275
1211385609 41274
1211399225 39993
1211404055 40004
1211558977 40037
1211561474 40185
1211888851 40185
1211892925 40239
1211919727 41822
1211935104 42133
1211986212 42139
1211990886 42139
1211992650 42139
1212018874 42153
1212148564 42153
1212176859 42252
1212182605 42323
1212282758 42913
1212358802 43456
1212413193 43457
1212417282 43463
1212431261 43470
1212431302 44190
1212435111 44190
1212438747 43863
1212516269 43866
1212519229 43867
1212528316 43858
1212542503 43866
1213020466 43918
1213096832 43919
1213103740 43934
1213112982 43936
1213219724 43969
1213272866 43970
1213358053 43971
1213363235 43979
1213705746 43992
1213717318 44011
1213731761 44015
1213740314 44042
1213883438 44046
1213901508 44052
1213931347 44075
1213984950 44076
1213997023 44129
1213999013 44148
1214057541 44160
1214141650 44168
1214235374 44185
1214310870 44185
1214318038 44189
1214318116 44194
1214325457 44194
1214486782 44196
1214491762 44195
1214528361 44195
1214774549 44198
1215043160 44198
1215090719 44203
1215106321 44239
1215115532 44238
1215174473 44238
1215954650 44240
1215960809 44250
1215961729 44255
1215981488 44250
1215981678 44252
1215987345 44253
1216122235 44253
1216290456 44253
1216290656 44257
1216292176 44266
1216295982 44266
1216317870 44266
1216330455 44277
1216331902 44305
1216340729 44306
1216404156 44306
1216666793 48652
1216672874 48720
1216675026 44387
1216744922 44474
1216752648 44474
1216810241 44474
1216859026 44602
1216908400 44616
1216909863 44616
1216987055 44617
1216997903 44624
1217017268 44628
1217017348 44636
1217206967 44835
1217207836 44835
1217208322 44835
1217209092 44837
1217250485 44837
1217260358 44863
1217266120 44864
1217267524 44866
1217330666 44919
1217334369 40390
1217334706 40390
1217350004 44920
1217423981 44920
1217425249 44920
1217425950 44930
1217537567 44931
1217537727 44931
1217537990 44931
1217589095 44931
1217590340 44930
1217597642 45123
1217693561 45123
1217852823 45125
1217857461 45128
1217885301 45130
1218032435 45196
1218033435 45198
1218036198 45219
1218054472 45245
1218054928 45248
1218060304 45263
1218109656 45303
1218111071 45306
1218310461 45386
1218411255 45473
1218542754 45474
1218572777 45482
1218640011 45492
1218804786 45492
1218814780 45492
1218929905 45492
1218980357 45518
1218982386 45495
1219695380 45506
1219703386 45508
1219946711 45552
1219947442 45560
1219956973 45764
1219967030 45790
1220019859 45791
1220057964 45791
1220108563 45796
1220296949 45797
1220473314 45805
1220629928 45881
1220740250 45904
1220746238 45904
1220961001 45910
1221071476 45919
1221133812 45919
1221222106 45929
1221228588 45975
1221244913 45975
1221331560 45977
1221500249 45962
1221517740 45954
1221522485 45963
1221565178 45967
1221698968 45968
1221743822 46029
1221784550 46054
1221837944 46068
1221838608 46094
1221850755 46154
1222016626 46164
1222022502 46187
1222091353 46298
1222092104 46302
1222100923 46313
1222130063 46313
1222177062 46368
1222184224 46367
1222801385 46367
1222811245 46367
1223145969 46369
1223151127 46370
1223151322 46370
1223154960 46380
1223158076 46423
1223218947 46432
1223299591 46622
1223313307 46622
1223465466 46627
1223466007 46627
1223467314 46627
1223589458 46675
1223650171 46675
1223686950 46821
1223735501 46822
1223742534 46849
1223753636 46862
1223754697 46865
1223822844 46865
1223847083 46912
1223859456 46916
1223866649 46921
1223942231 47037
1224090475 47042
1224104528 47074
1224111197 47074
1224171551 47082
1224191568 47091
1224287933 47099
1224345239 47103
1224446383 47103
1224849148 47138
1224944461 47138
1224950169 47158
1224971034 47160
1225065922 47172
1225108565 47172
1225130997 47172
1225202226 47172
1225231813 47173
1225284160 47174
1225982239 47175
1225997691 47184
1226106394 47312
1226156962 47344
1226170382 47417
1226171174 47417
1226360633 47734
1226523556 47778
1226529508 47778
1226582246 47780
1226591739 47782
1226603932 47830
1226666673 47834
1226688010 47836
1226691297 47857
1226697047 47876
1226761666 47876
1226761809 47875
1226768847 47878
1226843483 47879
1226953926 47879
1226979057 47917
1227007714 47917
1227037601 47990
1227107850 47992
1227122207 47992
1227127215 47995
1227145520 47995
1227145978 47992
1227186483 47992
1227193028 47993
1227195615 47993
1227200177 48005
1227206694 48014
1227287514 48014
1227621090 48043
1227629173 48046
1227704926 48046
1227706547 48061
1227741237 48081
1227743845 48376
1227894760 48382
1227984137 48231
1227997586 48246
1228049910 48247
1228099210 48259
1228150429 48261
1228178168 48316
1228226199 48326
1228227857 48326
1228237550 48333
1228245565 48336
1228247956 48336
1228307123 48336
1228308194 48345
1228314880 48345
1228394809 48347
1228395220 48347
1228436357 48347
1228659256 48348
1228700690 48362
1228833379 48358
1228868254 48382
1228949655 48385
1229005680 48423
1229026810 48466
1229027237 48835
1229052568 48858
1229100392 48859
1229112049 48859
1229121428 48856
1229135832 48862
1229196310 48879
1229284868 47706
1229434109 47734
1229436656 47773
1229479609 47773
1229561562 47776
1229640921 47747
1229869057 47745
1229876607 47750
1229889296 47791
1229956214 47792
1230040920 47797
1230042234 47797
1230047580 47796
1230060214 47813
1230527967 47823
1230530116 47828
1230570039 47844
1230579617 47853
1230582260 48007
1230599112 48007
1230661536 48012
1230843120 48222
1230865131 48254
1230869635 48255
1231269795 48261
1231273268 48261
1231343691 48261
1231348968 48259
1231361019 48261
1231374353 48268
1231375971 48278
1231376911 48284
1231377443 48290
1231378777 48317
1231973259 48322
1231975001 48305
1231975345 48305
1231975776 48305
1231976100 48305
1231976585 48311
1231982719 48317
1232034630 48533
1232113438 48534
1232463479 48537
1232495314 48585
1232497663 48599
1232543230 48599
1232633323 48605
1232673516 48622
1232674165 48693
1232674876 48719
1232676436 48729
1232821847 48737
1232822438 48738
1232823369 48734
1232890378 48734
1232911876 48733
1232989422 48746
1233423637 48746
1234018016 48748
1234195702 48773
1234197722 48780
1234198675 48783
1234199519 48796
1234199802 48797
1234200277 48801
1234203425 48831
1234204132 48835
1234225439 48835
1234227910 48841
1234228307 48837
1234285639 48844
1234286660 48848
1234312949 48847
1234313847 48850
1234320816 48883
1234321251 48918
1234321958 48951
1234323095 48951
1234365023 48918
1234365099 48918
1234401550 48951
1234478156 48951
1234536657 48963
1234898959 49157
1234924708 49161
1234925209 49161
1234925593 49163
1234926440 49171
1234973845 49169
1234974264 49169
1234983601 49170
1234987328 49092
1235074210 49093
1235142645 49099
1235161022 49099
1235254860 49128
1235408832 49142
1235416509 49142
1235436204 49140
1235436669 49148
1235504825 49148
1235505003 49148
1235566602 49148
1235607777 49153
1235662481 49182
1235662708 49207
1235679859 49211
1235739529 49214
1235758223 49216
1235836012 49206
1235851607 49213
1235862843 49377
1235948035 49377
1235948435 49377
1236004133 49378
1236035457 49389
1236037098 49409
1236087162 49412
1236092395 49513
1236119515 49556
1236268903 49556
1236270037 49556
1236301030 49468
1236563414 49468
1237217776 49483
1237227021 49483
1237234423 49486
1237294447 49487
1237297626 49487
1237335703 49512
1237339367 49515
1237470692 49515
1237741667 49515
1238589579 49525
1239290635 49526
1239305569 49530
1239322364 49530
1239323116 49531
1239323315 49531
1239541603 49536
1239542783 49546
1239543731 49549
1239544239 49562
1239544490 49594
1239545129 49596
1239710220 49599
1239712343 49599
1239712624 49612
1240181029 49612
1240329528 49618
1240852212 49626
1240853841 49606
1240873853 49695
1240918040 49696
1240929672 49702
1241030136 49702
1241409600 56142
1241437621 49702
1241439065 49702
1241813448 49754
1242258002 49764
1242300604 49762
1242402377 49768
1242505123 49794
1242671478 49796
1242996633 49826
1243253075 49826
1243295992 49828
1243296889 49826
1243446876 49821
1243518136 50062
1243518152 50078
1243518166 50125
1243518178 50133
1243522031 50212
1243618669 50210
1243828800 50278
1244840114 50252
1244924240 50255
1245103900 50257
1245103984 50257
1245154702 50268
1245410939 50257
1245467424 50261
1245505111 50277
1245595702 50278
1245704856 50277
1245871102 50281
1245871302 50301
1245952742 55989
1245954915 55989
1245955123 56049
1246375359 56224
1246381204 56248
1246381764 56248
1246471617 56234
1246509734 72265
1246622306 56234
1246725933 56228
1247778523 56261
1248003498 56346
1248438204 56346
1248714944 56052
1248916004 56304
1248970268 56305
1248970285 56309
1248973251 56366
1248983192 56373
1248993385 56499
1249085661 56533
1249085825 56533
1249129197 56532
1249163004 56578
1249578633 56579
1256250812 58453
1256387967 61266
1256393077 58460
1256418834 58462
1256431507 58542
1256566206 58633
1256568111 58633
1256588676 58692
1256756079 58877
1256821738 58881
1256854426 59058
1256867204 59078
1256873180 59106
1256903011 59106
1256914018 59116
1256919579 59120
1256923393 59131
1257176424 59133
1257188778 59262
1257189186 59262
1257264985 59656
1257285996 59688
1257290619 59690
1257295693 59690
1257351099 59699
1257355894 59752
1257438433 59757
1257440863 59764
1257513292 59767
1257513712 59767
1257969254 60005
1257972121 60005
1257994667 60005
1258031691 60005
1258035033 60007
1258048357 59976
1258052453 59981
1258062086 59982
1258064359 59979
1258082495 59991
1258207637 59988
1258224854 59994
1258238331 60140
1258306652 60163
1258317611 60137
1258388931 60205
1258392453 60254
1258818735 60366
1258841744 60366
1259067062 60442
1259183503 60982
1259190286 61003
1259434098 61048
1259523976 61262
1259587713 61057
1259588764 61059
1259606359 61079
1259627685 61152
1259627767 61152
1259633640 61155
1259636421 61155
1259684151 61733
1259691830 61155
1259765006 61155
1259772646 61155
1259940334 61213
1259941933 61012
1259943724 61012
1260216461 61199
1260221134 61203
1260222281 61203
1260276773 61213
1260284526 61214
1260510194 61733
1260532943 61216
1260889487 61732
1261076470 61242
1261577536 61262
1262104548 61262
1262268523 61262
1263193472 61500
1263222893 61262
1263354659 61266
1263498248 61504
1263515274 61536
1263929126 61663
1263933121 61667
1264100179 61671
1264608008 72266
1264627804 61671
1264650971 62124
1264655889 74593
1264795730 62155
1264822363 71307
1264824489 71348
1264828848 62140
1265745084 61748
1265752092 61748
1265754693 61750
1265813739 62264
1265826904 72527
1265838705 61763
1265917334 61797
1265925920 62104
1265948859 62164
1266036021 62225
1266337422 62123
1266369633 62121
1266526111 62244
1267450962 62121
1267451579 62123
1268308003 62123
1268309571 62124
1268311093 62225
1269003812 62225
1269015046 62230
1269350326 62231
1269364180 72266
1270245283 62221
1270479729 62243
1270481035 62261
1270504375 62196
1270513898 62184
1270568340 62239
1270583799 62244
1270634982 62227
1270636914 62228
1270740544 74324
1271152238 61858
1271161040 61854
1271165136 62244
1271246094 62246
1271247850 62267
1271250068 62263
1271264829 72356
1271290545 62307
1271290678 62319
1271342126 62263
1271346404 62257
1271348354 62257
1271422901 62257
1271428506 62259
1271432460 61868
1271438595 61875
1271439065 61875
1271453297 62375
1271479462 62287
1271499939 64007
1271503026 72520
1271518500 61881
1271525428 62242
1271526347 62242
1271599576 62231
1271685511 62231
1271704033 62213
1271775343 62221
1271790296 62221
1271797529 62312
1271803526 72535
1271807150 62287
1271865451 62461
1271898259 62486
1271987124 62694
1272031291 62720
1272044864 62600
1272053269 62486
1272055845 62636
1272066238 62559
1272121736 72546
1272130458 62560
1272294358 62720
1272295968 62720
1272303071 62743
1272304256 62747
1272369593 62754
1272379993 62754
1272384771 69491
1272386625 62754
1272472773 62925
1272474137 63263
1272489476 63319
1272538291 63319
1272549036 63438
1272560593 63515
1272581330 64005
1272608456 72546
1272619520 70863
1272630768 63437
1272640678 63442
1272656660 63446
1272702208 69534
1272740642 63502
1272903167 68830
1272904190 68858
1272912278 69058
1272920763 68831
1272978446 68838
1272992945 69083
1272995418 69195
1273052781 69314
1273057471 69311
1273115548 69491
1273217407 69271
1273252369 69425
1273273139 69491
1273501208 69503
1273593381 70175
1273686246 70256
1273712253 70184
1273804919 70176
1274124320 69534
1274180283 69503
1274293952 72548
1274303726 70263
1274316080 69508
1274318191 70189
1274375778 69543
1274451797 70294
1274510810 70294
1274552913 70307
1274556845 70318
1274643437 70333
1274709975 70307
1274800045 70335
1274835803 70486
1274839339 70473
1274841391 70635
1274841675 70664
1274845697 70714
1274858220 70335
1274891561 70711
1274900090 70345
1274975284 71266
1274978982 70885
1274979630 70879
1275009738 70778
1275015645 70805
1275028033 71272
1275053762 71068
1275053964 71068
1275055815 71084
1275057641 71338
1275058049 71085
1275060559 71347
1275068141 71085
1275073664 71089
1275074873 71081
1275076782 71081
1275080836 71096
1275240923 71119
1275242016 71127
1275242742 71141
1275248424 71191
1275274264 71191
1275405169 70805
1275421351 82103
1275445868 72278
1275494736 70858
1275494769 70858
1275512558 71194
1275514134 71267
1275578982 70877
1275597415 71266
1275680590 71337
1275758435 71314
1275830788 71270
1276006994 71351
1276027883 71514
1276032594 72011
1276047213 71611
1276084156 71612
1276115026 71784
1276131052 72061
1276170957 72095
1276178653 72100
1276185338 72100
1276188632 72100
1276192475 71993
1276206245 72013
1276278044 72024
1276358530 71681
1276428212 71670
1276657985 71845
1276690194 71845
1276692255 71848
1276694302 71848
1276695248 71814
1276703903 71823
1276706860 71836
1276783270 71857
1276791265 71874
1276792959 71898
1276794779 71900
1276892432 71591
1276907566 71600
1276909566 71605
1276955988 71605
1277131379 71669
1277314096 71693
1277323878 71827
1277325804 71828
1277337610 71824
1277485982 71880
1277820143 74236
1281380747 72179
1282317032 72176
1282322190 74397
1282500725 72104
1282500998 72104
1283968939 72115
1284051006 72165
1284063085 72178
1284064536 72178
1284208507 72179
1285095373 72389
1285189959 72220
1285255582 72223
1285256143 72223
1285261018 72224
1285261232 72224
1285261988 72251
1285262878 72251
1285338984 72251
1285685279 72279
1285685973 72292
1285695415 72254
1285705732 72257
1285824521 74798
1285905453 72266
1285942659 73726
1285945252 72292
1285964314 73733
1285964793 73810
1286206813 72266
1286804518 72316
1286806292 72348
1286807065 72355
1286808493 72372
1286903560 72526
1286927799 72528
1287058115 72528
1287063321 72553
1287065159 74244
1287070248 72523
1287076339 72535
1287078572 72520
1287088719 72964
1287152834 72989
1287152847 73726
1287179395 73029
1287299411 73732
1287401942 73030
1287413976 73055
1287420671 73059
1287422214 73805
1287439947 73212
1287505538 73200
1287522116 73204
1287624510 73701
1287748630 74299
1288029243 73580
1288032896 73588
1288033585 73597
1288034513 73607
1288034559 73607
1288035255 73607
1288059405 74236
1288060962 74394
1288235284 73689
1288365780 73805
1288366006 73667
1288383532 73607
1288546345 82930
1288618723 73669
1288834183 74398
1288930872 74399
1288930966 74423
1288989033 79908
1289003993 73817
1289004883 73817
1289185778 74222
1289197437 74253
1289586094 74299
1290009466 73817
1290199183 74301
1290215792 74317
1290215986 74317
1290223101 74253
1290561665 74299
1290796617 74152
1290883299 74178
1290888243 74213
1290961637 74216
1291070556 74233
1291125120 74319
1291135387 74319
1291150308 82120
1291395741 74343
1291474098 74320
1291569845 74454
1291772823 74320
1291787632 74540
1292208821 74350
1292209662 74350
1292254979 74395
1292601467 74426
1292601519 74416
1292617040 74454
1292617515 74449
1292623357 74454
1292623455 74649
1292624175 74451
1292970078 74539
1293008788 74536
1293607967 74536
1293831142 74657
1294430941 74793
1294492538 75410
1294612751 74666
1295020449 74676
1295023665 74676
1295039003 74676
1295303952 74682
1295531803 74810
1295638847 74795
1295638971 74795
1295710739 74676
1295747673 74798
1295814795 74800
1295909777 74836
1296249146 74801
1296659098 74798
1296741400 78148
1297623164 74824
1298042336 74801
1298042615 74801
1298420343 74823
1298428133 74793
1298510395 74804
1298663008 83451
1298669061 74949
1298671746 78570
1298745038 75206
1298931867 75197
1298932452 75200
1298933714 75115
1298992209 75149
1298997276 75177
1299002582 75197
1299072673 78485
1299075308 78144
1299159991 75204
1299248338 75204
1299280753 79139
1299391091 78711
1299700693 78708
1299867380 78151
1299868651 78151
1300135364 83454
1300382670 78154
1300463068 78205
1300470207 78205
1300720642 78710
1300809867 82841
1301103338 79153
1301848753 78709
1302053868 79154
1302225505 81014
1302881940 79143
1303213264 78711
1303217733 78713
1303481427 78730
1303482078 78728
1303482765 78728
1303764742 79150
1303773332 79289
1303930302 78714
1303993125 79916
1304090417 79143
1304100274 79155
1304102554 79145
1304349281 81015
1304694412 79823
1304994800 79853
1305029900 79678
1305032955 79901
1305035577 80814
1305238212 79151
1305307049 79154
1305307937 79675
1305308152 79861
1305309031 79861
1305310988 79857
1305311162 79857
1305318247 79856
1305530342 79874
1305568286 79933
1305728613 79857
1306031041 80038
1306043328 79859
1306240138 80011
1306523886 80021
1306524486 80021
1306524661 80021
1306525571 80021
1306525773 80021
1306525774 80021
1306888215 80451
1306953569 80062
1306958383 80453
1307023443 80137
1307599981 80133
1308593385 80116
1308672231 80137
1308697962 80137
1308699798 80134
1308932107 80133
1309331636 80562
1309401949 80606
1311740503 80562
1312549402 80143
1313170319 80507
1313422689 83418
1314140995 80493
1314142530 80453
1314185995 80454
1314208531 80842
1314306881 81021
1314389567 80574
1314390838 80578
1314391636 80578
1314640778 80590
1314974335 80591
1314974449 80590
1314991231 80606
1315162889 80606
1315244998 83592
1315249770 80781
1315325382 80887
1315325438 80887
1315343785 80889
1315350358 80781
1315557838 87504
1315643890 80826
1315848976 81048
1315872338 80781
1315872339 80781
1316030452 81079
1316786439 80770
1316788625 80781
1316789491 80777
1316790631 80777
1316799863 80786
1316803703 80786
1316804371 80786
1317040781 80962
1317753018 80786
1318007126 80984
1318018501 80893
1318021397 80893
1318021591 80893
1318021592 80893
1318058538 81318
1318382998 81860
1318532515 81888
1318572348 80983
1318609736 80981
1318615529 81908
1318616325 81902
1318691293 82083
1318708552 82100
1319046141 81079
1319397094 80974
1319397551 80977
1319401778 80982
1319485604 86761
1319581358 80977
1319582144 80984
1319582468 80989
1319582996 80989
1319676357 80991
1319730989 81199
1319985895 80991
1320162257 81119
1320162366 81135
1320162817 81188
1320441077 81285
1320861645 81295
1320902595 86755
1321029977 80964
1321120165 81704
1321405896 81011
1322003563 80989
1322003587 80985
1322003605 80957
1322091721 81790
1322677693 81220
1322678994 80964
1322841851 81284
1322855425 81048
1323464768 81405
1323816339 81284
1323816340 81284
1324057145 81332
1324226500 81340
1324633830 81405
1324635870 83036
1326237326 86755
1326330599 83344
1326468209 81405
1326758226 87529
1327122509 81707
1327521886 81405
1327677632 81740
1327687484 81774
1327698272 81774
1328278629 81774
1328281866 81775
1328315097 83150
1328425622 82062
1328642430 81835
1328839654 82073
1329245384 86765
1329460814 83083
1329472108 82120
1329472952 81964
1329514197 83219
1329700568 81768
1329751932 81768
1330100581 83068
1330104586 82103
1330126440 82906
1330400906 82062
1330537735 86789
1330549364 81899
1330551270 81899
1330551271 81899
1330571778 81932
1330612836 81932
1330612837 81932
1330627431 81932
1330627446 81931
1330627475 81931
1330643959 81940
1330643973 81926
1330651501 83063
1330979619 84202
1331168184 87538
1331200518 83682
1331305094 83040
1331333627 81926
1331650577 81953
1331662972 81956
1331663157 81956
1331848354 82120
1332344970 82851
1332550853 83340
1332799136 82893
1332800944 82853
1332827480 83852
1332863783 83027
1333071017 83677
1333117632 82120
1333118464 82120
1333118629 82120
1333244676 83143
1333627416 83202
1333723364 82247
1334020618 82248
1334020917 82307
1334055357 82307
1334145588 82311
1334153391 82145
1334401813 82870
1334415443 82311
1334486846 82870
1334486974 82870
1334487872 82877
1334495347 82151
1334496692 82151
1334917501 82866
1334925407 82870
1334944512 83032
1334959259 82805
1335042170 82842
1335046370 82895
1335221758 82900
1335819049 82234
1335819461 82370
1335957736 82239
1336150109 83063
1336178948 82268
1336395612 82359
1336427034 82337
1336486842 82682
1336569504 82712
1336576021 82712
1336644458 82723
1336672873 82765
1336687328 87068
1336692270 82804
1336696904 82759
1336880113 83142
1337173274 82796
1337373042 83457
1337392374 82900
1339169687 83040
1339185294 82901
1339238567 84343
1339330296 83140
1339582318 83151
1339698573 82902
1339848190 83063
1341963926 83077
1341991118 84225
1342114970 83123
1342437662 83065
1342820513 83077
1342821890 86749
1342896177 83077
1343181965 83112
1344375855 83083
1344623415 83594
1344627943 83112
1344628484 83112
1344628933 83123
1345044351 83175
1345045332 83153
1345047274 83416
1345059386 83224
1345212650 83679
1345217749 83195
1345250486 83720
1345299230 83452
1345299799 83457
1345299800 83457
1345605419 83549
1345605455 83563
1345605514 83578
1346536916 83578
1346704000 84138
1346704308 84237
1347036174 83646
1347136601 84046
1347177698 83902
1347468619 84102
1347654436 83646
1347882336 83747
1347883933 83646
1348232118 86751
1349363923 84046
1349440511 84171
1349631354 84046
1349631697 84046
1349966908 84147
1350292403 84143
1350396284 84103
1350396731 84103
1350664661 84138
1350672477 84158
1350688055 87022
1350729898 84245
1350744946 84288
1350946466 87492
1350953437 84288
1350956453 84605
1351734207 85410
1351778268 86751
1351952667 86750
1352302452 84377
1353495779 84620
1354025965 84373
1354026154 84377
1354207170 84464
1354222303 87404
1354479481 84346
1354549099 84385
1354846802 86964
1355244486 84447
1355252932 84594
1355273060 84594
1355944683 85396
1355951833 87022
1356110802 84605
1356191958 84620
1356191959 84620
1356572878 86997
1356896262 85421
1357130920 87586
1357846427 86749
1357999039 85396
1358653736 85457
1359127313 85416
1359127520 85416
1359403291 85417
1359470637 85417
1359837054 86282
1360027546 85457
1360032999 85468
1360033264 85468
1360065448 85528
1360066116 85530
1360066250 85530
1360067696 85530
1360067697 85530
1360077547 85529
1360078213 85529
1360095773 86174
1360117374 86164
1360117663 86164
1360118289 86164
1360263369 86201
1360277786 86268
1360278155 86268
1360278159 86268
1360329356 86268
1360349460 86295
1360352846 86295
1360354866 86298
1360420882 86298
1360422633 86298
1360424400 86298
1360424491 86487
1360424526 86488
1360440375 86488
1360440642 86488
1360513093 86497
1360518193 86507
1360518510 86521
1360527098 86521
1360593043 86937
1360773856 86513
1360811942 86498
1360812104 86511
1360812701 86511
1360864586 86749
1361544920 86517
1361564114 86517
1361564115 86517
1362015517 86925
1362016627 86922
1362016990 86922
1362152158 86517
1362584067 86543
1362603628 86919
1362939638 86545
1362939922 86545
1365370596 86887
1365440288 87122
1365769690 86545
1365785255 86744
1365792631 86545
1366330016 86875
1369417085 87529
1369422802 87545
1369500341 87585
1371209913 87198
1371836328 87592
1372696717 87037
1372819719 87037
1373204761 86797
1374600172 87037
1375117986 87653
1375118999 87045
1375543011 87509
1376123371 87550
1376520464 86828
1376520722 86866
1377133218 87016
1377215837 87417
1377805539 87137
1377913818 87473
1378031793 87013
1378326264 87016
1378629399 87014
1379081507 87200
1379478128 87574
1380329151 87647
1380403582 87014
1381244752 87010
1381845536 87060
1382111599 87133
1382715931 87485
1382724676 87183
1382738857 87417
1382738858 87417
1382954847 87563
1383242161 87415
1383539635 87606
1383841652 87574
1383843220 87556
1383843668 87606
1383850086 87607
1385154819 87592
1385160309 87596
1385165676 87596
